1000

0 3 2 3 0 8 3 2 13 3 8 0 1 10 13 3 13 12 10 3 2 6 12 0 1 2 3 8 8 11 3 8 9 4 11 1
2 7 1 0 11 8 10 2 2 7 7 0 8 1 11 4 6 7 9 0 11 8 8 4 9 2 0 0 10 1 0 0 12 1 6 3 10
 11 8 2 2 0 0 2 4 6 6 0 13 9 10 13 2 12 2 12 3 6 2 4 4 0 0 12 4 10 0 6 7 8 12 13
 2 7 2 0 8 12 0 1 10 9 5 0 4 13 1 0 6 2 9 7 5 0 0 2 0 12 8 13 3 0 0 0 2 3 1 9 2
12 12 1 9 1 5 3 12 4 0 3 0 11 5 9 7 3 2 6 4 4 3 5 0 6 2 1 10 2 0 5 0 2 0 7 3 1 8
 0 13 3 12 11 9 0 3 8 11 6 3 10 3 2 6 10 4 2 6 12 3 5 1 4 5 9 2 1 0 10 6 13 8 0
3 0 2 4 5 2 4 3 0 3 6 5 9 9 1 5 9 0 0 3 6 4 1 0 0 0 7 13 0 10 11 0 4 1 6 1 0 2 6
 2 11 11 3 11 0 10 3 11 13 2 7 0 7 5 3 11 2 0 8 5 4 0 11 11 7 3 9 1 3 0 5 0 1 0
3 6 9 10 12 0 0 8 0 13 2 2 7 3 5 3 4 3 4 0 0 8 9 0 3 1 13 7 4 4 3 11 12 0 0 1 3
1 0 3 1 3 8 0 8 2 7 9 1 2 2 0 0 12 10 10 12 2 9 2 5 6 13 3 0 0 1 0 0 4 3 0 3 0 7
 1 3 1 0 0 4 8 6 0 2 3 0 0 0 9 12 13 2 1 6 3 3 2 10 2 11 2 0 10 0 3 1 4 0 9 1 9
7 0 13 0 3 1 6 10 0 4 6 4 12 0 13 0 0 0 3 4 5 8 0 3 0 1 1 0 11 0 2 3 13 1 0 1 10
 8 9 11 7 1 4 0 7 7 6 0 0 5 7 7 2 2 3 7 5 11 3 0 3 0 0 9 0 0 12 0 9 0 2 5 1 0 9
0 0 11 0 5 3 5 3 6 6 6 12 3 4 12 13 0 5 8 1 0 4 1 1 1 0 0 2 0 9 3 4 0 4 9 12 0 9
 12 11 7 10 11 8 13 5 2 0 3 0 0 3 2 9 2 2 3 0 0 11 10 10 3 3 13 2 3 4 0 8 10 2 0
 2 10 3 5 1 6 2 4 2 2 1 11 2 11 0 6 0 8 7 5 0 3 0 1 5 5 12 1 11 0 13 5 8 7 13 3
2 4 13 6 3 12 6 0 10 7 12 1 0 9 4 8 0 3 10 1 11 6 12 1 9 10 2 1 8 0 8 6 4 5 13 0
 8 13 4 11 1 3 6 11 11 0 3 6 11 3 7 9 3 1 7 0 2 11 0 10 6 0 12 0 7 0 10 0 3 7 0
3 5 13 0 2 2 7 8 0 1 2 9 0 6 1 0 4 10 9 6 1 13 4 5 5 6 3 4 0 1 10 0 6 0 1 7 1 13
 10 6 2 9 7 3 0 0 0 9 3 13 1 10 6 4 1 7 8 2 0 0 3 1 0 4 6 12 5 8 10 1 8 1 13 4 2
 3 0 1 5 6 13 11 12 0 4 8 4 7 9 1 4 13 1 12 11 4 1 4 2 11 6 2 0 3 0 0 5 9 12 0 3
 5 13 0 5 0 2 0 12 6 3 3 0 7 5 2 6 0 1 9 13 11 0 7 12 10 3 6 8 0 9 0 1 0 0 11 6
1 8 12 2 1 9 12 13 2 8 3 0 2 0 3 5 13 2 0 12 0 0 12 0 3 0 3 3 8 10 2 0 5 0 8 0 1
0 13 1 7 12 10 3 2 0 0 1 10 0 0 7 7 11 2 3 3 0 1 1 3 2 2 1 0 0 2 1 0 0 0 0 2 11
0 0 2 1 12 7 12 12 5 3 12 1 7 7 1 3 12 10 2 11 1 0 13 0 12 9 2 7 2 7 5 8 12 0 3
3 1 13 13 3 1 12 11 0 7 13 1 0 1 5 10 2 0 1 1 0 13 0 8 9 2 10 13 0 7 11 9 13 13
7 9 8 2 9 11 13 2 11 1 10 5 2 1 11 10 10 8 13 2 8 2 11 8 9 10 1 2 2 10 5 1 1 13
2 8 1 1 1 11 2 10 1 5 1 9 2 5 9 5 1 1 5



0 0 0 0 0 0 0 0 0 0 0 0 0 0 0 0 0 0 0 0 0 0 0 0 0 0 0 0 0 0 0 0 0 0 0 0 0 0 0 0
0 0 0 0 0 0 0 0 0 0 0 0 0 0 0 0 0 0 0 0 0 0 0 0 0 0 0 0 0 0 0 0 0 0 0 0 0 0 0 0
0 0 0 0 0 0 0 0 0 0 0 0 0 0 0 0 0 0 0 0 0 0 0 0 0 0 0 0 0 0 0 0 0 0 0 0 0 0 0 0
0 0 0 0 0 0 0 0 0 0 0 0 0 0 0 0 0 0 0 0 0 0 0 0 0 0 0 0 0 0 0 0 0 0 0 0 0 0 0 0
0 0 0 0 0 0 0 0 0 0 0 0 0 0 0 0 0 0 0 0 0 0 0 0 0 0 0 0 0 0 0 0 0 0 0 0 0 0 0 0
1 1 1 1 1 1 1 1 1 1 1 1 1 1 1 1 1 1 1 1 1 1 1 1 1 1 1 1 1 1 1 1 1 1 1 1 1 1 1 1
1 1 1 1 1 1 1 1 1 1 1 1 1 1 1 1 1 1 1 1 1 1 1 1 1 1 1 1 1 1 1 1 1 1 1 1 1 1 1 1
1 1 1 1 1 1 1 1 1 1 1 1 1 1 1 1 1 1 1 1 2 2 2 2 2 2 2 2 2 2 2 2 2 2 2 2 2 2 2 2
2 2 2 2 2 2 2 2 2 2 2 2 2 2 2 2 2 2 2 2 2 2 2 2 2 2 2 2 2 2 2 2 2 2 2 2 2 2 2 2
2 2 2 2 2 2 2 2 2 2 2 2 2 2 2 2 2 2 2 2 2 2 2 2 2 2 2 2 2 2 2 2 2 2 2 2 2 2 2 2
3 3 3 3 3 3 3 3 3 3 3 3 3 3 3 3 3 3 3 3 3 3 3 3 3 3 3 3 3 3 3 3 3 3 3 3 3 3 3 3
3 3 3 3 3 3 3 3 3 3 3 3 3 3 3 3 3 3 3 3 3 3 3 3 3 3 3 3 3 3 3 3 3 3 3 3 3 3 3 3
3 3 3 3 3 3 3 3 3 3 3 3 3 3 3 3 3 3 3 3 4 4 4 4 4 4 4 4 4 4 4 4 4 4 4 4 4 4 4 4
4 4 4 4 4 4 4 4 4 4 4 4 4 4 4 4 4 4 4 4 4 4 4 4 4 4 4 4 4 4 5 5 5 5 5 5 5 5 5 5
5 5 5 5 5 5 5 5 5 5 5 5 5 5 5 5 5 5 5 5 5 5 5 5 5 5 5 5 5 5 5 5 5 5 5 5 5 5 5 5
6 6 6 6 6 6 6 6 6 6 6 6 6 6 6 6 6 6 6 6 6 6 6 6 6 6 6 6 6 6 6 6 6 6 6 6 6 6 6 6
6 6 6 6 6 6 6 6 6 6 7 7 7 7 7 7 7 7 7 7 7 7 7 7 7 7 7 7 7 7 7 7 7 7 7 7 7 7 7 7
7 7 7 7 7 7 7 7 7 7 7 7 7 7 7 7 7 7 7 7 8 8 8 8 8 8 8 8 8 8 8 8 8 8 8 8 8 8 8 8
8 8 8 8 8 8 8 8 8 8 8 8 8 8 8 8 8 8 8 8 8 8 8 8 8 8 8 8 8 8 9 9 9 9 9 9 9 9 9 9
9 9 9 9 9 9 9 9 9 9 9 9 9 9 9 9 9 9 9 9 9 9 9 9 9 9 9 9 9 9 9 9 9 9 9 9 9 9 9 9
10 10 10 10 10 10 10 10 10 10 10 10 10 10 10 10 10 10 10 10 10 10 10 10 10 10 10
 10 10 10 10 10 10 10 10 10 10 10 10 10 10 10 10 10 10 10 10 10 10 10 11 11 11 1
1 11 11 11 11 11 11 11 11 11 11 11 11 11 11 11 11 11 11 11 11 11 11 11 11 11 11
11 11 11 11 11 11 11 11 11 11 11 11 11 11 11 11 11 11 11 11 12 12 12 12 12 12 12
 12 12 12 12 12 12 12 12 12 12 12 12 12 12 12 12 12 12 12 12 12 12 12 12 12 12 1
2 12 12 12 12 12 12 12 12 12 12 12 12 12 12 12 12 13 13 13 13 13 13 13 13 13 13
13 13 13 13 13 13 13 13 13 13 13 13 13 13 13 13 13 13 13 13 13 13 13 13 13 13 13
 13 13 13 13 13 13 13 13 13 13 13 13 13

