250
0 8 2 0 7 8 8 3 8 8 8 3 0 2 8 8 8 8 2 7 3 3 7 7 0 3 7 8 8 3 8 8 0 0 3 7 7 0 0 3 8 2 2 2 7 7 3 8 0 3 0 3 7 0 0 3 8 8 0 0 2 0 8 3 0 3 0 8 0 3 8 0 3 8 3 3 0 3 3 0 3 3 2 8 0 3 8 3 7 2 8 8 3 2 0 0 3 2 7 0 2 
3 3 7 8 7 8 2 7 3 0 8 7 2 0 2 0 2 3 0 8 0 7 3 3 0 7 2 0 0 3 3 8 8 8 7 3 8 0 2 8 0 0 3 8 7 8 0 8 2 7 8 0 0 7 7 3 3 0 7 7 3 3 0 0 8 3 0 3 3 0 2 3 0 3 0 3 8 7 8 0 8 0 8 7 7 3 0 3 8 8 3 3 8 2 7 2 3 2 0 2 
3 7 8 3 8 0 2 0 0 8 0 3 3 8 8 8 8 3 3 0 2 2 8 8 8 3 2 3 7 8 3 7 8 7 8 8 2 3 7 8 3 2 7 7 2 7 2 2 7 
tab0=0;
tab1=0;
tab2=0;
tab3=0;
tab4=0;
tab5=0;
tab6=0;
tab7=0;
tab8=0;
tab9=0;
tab10=0;
tab11=0;
tab12=0;
tab13=0;
tab14=0;
tab15=0;
tab16=0;
tab17=0;
