1000
0 1 1 1 0 2 1 1 4 1 2 0 1 3 4 1 4 3 3 1 1 2 3 0 1 1 1 2 2 3 1 2 3 2 3 3 2 1 0 3 2 3 1 1 2 2 0 2 1 3 2 2 2 3 0 3 2 2 2 3 1 0 0 3 1 0 0 3 1 2 1 3 3 2 1 1 0 0 1 2 2 2 0 4 3 3 4 1 3 1 3 1 2 1 2 2 0 0 3 2 3 
0 2 2 2 3 4 1 2 1 0 2 3 0 1 3 3 2 0 2 4 1 0 2 1 3 2 2 0 0 1 0 3 2 4 1 0 0 0 1 1 1 3 1 3 3 0 3 0 2 1 3 2 0 1 0 3 2 3 2 1 1 2 2 2 1 2 0 2 1 1 3 1 0 2 0 1 0 2 1 1 2 0 4 1 3 3 3 0 1 2 3 2 1 3 1 1 2 3 2 1 
2 3 1 2 0 2 2 3 1 0 0 3 2 4 2 0 1 0 1 2 2 1 2 1 0 1 2 2 3 3 1 2 3 0 0 1 2 2 1 0 0 0 2 4 0 3 3 0 2 0 2 1 0 1 2 1 3 3 1 3 0 3 1 3 4 1 2 0 2 2 1 3 1 0 2 2 2 0 3 3 2 1 3 1 1 0 2 0 1 0 1 2 3 3 3 0 0 2 0 4 
1 1 2 1 2 1 2 1 2 0 0 2 3 0 1 1 4 2 2 2 1 3 3 0 0 1 1 1 0 1 1 1 2 0 2 1 2 3 1 1 1 0 0 3 3 3 3 1 3 1 2 2 4 1 0 0 0 0 0 2 1 0 1 0 2 1 1 1 0 0 2 2 2 0 1 1 0 0 0 3 3 4 1 0 2 1 1 1 3 1 3 1 0 3 0 1 1 2 0 3 
1 3 2 0 4 0 1 0 2 3 0 2 2 2 3 0 4 0 0 0 1 2 2 2 0 1 0 0 1 0 3 0 1 1 4 1 0 0 3 2 3 3 2 1 2 0 2 2 2 0 0 2 2 2 1 1 1 2 2 3 1 0 1 0 0 3 0 0 3 0 3 0 1 2 0 0 3 0 0 3 0 2 1 2 1 2 2 2 3 1 2 3 4 0 2 2 1 0 2 1 
1 0 0 0 1 0 3 1 2 0 2 3 3 0 3 3 3 2 3 3 2 4 2 1 0 1 0 0 1 1 3 1 1 1 0 0 3 3 3 1 1 4 1 1 2 0 2 3 1 0 1 3 1 2 0 2 1 2 1 1 1 3 1 3 0 2 0 2 2 2 0 1 0 0 2 2 3 1 3 0 4 2 2 2 4 1 1 2 4 2 1 3 2 0 3 2 3 0 0 3 
2 2 0 1 3 0 3 2 3 0 3 3 1 1 2 0 2 2 2 2 4 0 2 4 2 3 1 1 2 3 3 0 1 2 3 1 2 3 1 1 2 0 1 3 0 3 2 0 3 0 2 0 3 0 1 2 0 1 2 4 0 1 1 2 2 0 1 1 3 0 2 1 0 2 3 3 2 1 4 2 2 2 2 1 2 0 0 3 0 2 0 0 2 0 4 3 2 1 3 2 
1 0 0 0 3 1 4 1 3 2 2 0 2 2 1 0 0 1 0 0 2 2 3 2 2 3 0 2 0 4 2 1 1 0 0 2 2 4 3 3 0 2 2 2 2 3 1 2 4 1 3 3 2 0 2 1 3 2 1 0 1 0 0 2 3 3 0 1 2 2 4 0 2 0 2 1 0 3 2 1 1 0 2 2 1 2 0 0 3 4 3 0 2 3 3 1 2 2 0 2 
3 0 0 0 0 3 2 0 2 3 1 1 3 3 4 1 2 1 0 1 0 2 1 2 2 4 1 0 3 0 0 3 0 1 2 0 1 1 2 2 3 1 0 2 0 2 0 3 4 1 2 3 3 1 1 0 0 0 3 2 0 2 0 2 2 2 2 3 1 1 1 0 1 0 1 1 2 1 1 0 0 1 0 0 0 0 0 1 3 0 0 1 1 3 2 2 3 3 2 1 
3 1 2 2 0 1 3 3 1 3 1 0 2 4 0 3 3 2 1 2 1 2 2 2 3 0 1 1 0 2 4 4 1 1 3 3 0 4 1 0 0 3 1 0 0 1 0 4 0 1 3 1 3 3 0 0 3 0 3 4 0 4 0 0 3 3 1 0 0 3 0 0 3 4 0 1 3 0 1 0 3 1 0 0 3 1 1 3 3 1 3 3 3 3 3 3 3 3 3 
tab0=-858993460;
tab1=-858993460;
tab2=-858993460;
tab3=-858993460;
tab4=-858993460;
tab5=-858993460;
tab6=-858993460;
tab7=-858993460;
tab8=-858993460;
tab9=-858993460;
tab10=-858993460;
tab11=-858993460;
tab12=-858993460;
tab13=-858993460;
tab14=-858993460;
tab15=-858993460;
tab16=-858993460;
tab17=-858993460;
