1000
0 1 1 1 0 3 1 1 3 1 2 0 1 3 3 1 8 3 3 1 1 2 3 0 1 1 1 2 2 3 1 3 3 2 3 3 2 1 0 3 2 3 1 1 2 2 0 2 1 3 2 2 2 3 0 3 3 3 2 3 1 0 0 3 1 0 0 3 1 2 1 3 3 3 1 1 0 0 1 2 2 2 0 3 3 3 3 1 3 1 3 1 2 1 2 2 0 0 3 2 3 
0 2 2 2 3 8 1 2 1 0 3 3 0 1 3 3 2 0 2 8 1 0 2 1 3 2 2 0 0 1 0 3 3 3 1 0 0 0 1 1 1 3 1 3 3 0 3 0 2 1 3 2 0 1 0 3 2 3 2 1 1 2 2 2 1 2 0 2 1 1 3 1 0 2 0 1 0 2 1 1 3 0 8 1 3 3 3 0 1 3 3 2 1 3 1 1 2 3 2 1 
2 3 1 2 0 2 2 3 1 0 0 3 2 8 2 0 1 0 1 2 2 1 2 1 0 1 2 2 3 3 1 2 3 0 0 1 2 2 1 0 0 0 2 3 0 3 3 0 2 0 2 1 0 1 2 1 3 3 1 3 0 3 1 3 8 1 2 0 2 2 1 3 1 0 2 2 2 0 3 3 2 1 3 1 1 0 2 0 1 0 1 2 3 3 3 0 0 3 0 7 
1 1 2 1 2 1 2 1 2 0 0 2 3 0 1 1 8 2 2 2 1 3 3 0 0 1 1 1 0 1 1 1 3 0 2 1 2 3 1 1 1 0 0 3 3 3 3 1 3 1 2 2 8 1 0 0 0 0 0 2 1 0 1 0 2 1 1 1 0 0 2 3 2 0 1 1 0 0 0 3 3 3 1 0 2 1 1 1 3 1 3 1 0 3 0 1 1 2 0 3 
1 3 2 0 8 0 1 0 2 3 0 2 2 2 3 0 7 0 0 0 1 2 2 3 0 1 0 0 1 0 3 0 1 1 7 1 0 0 3 2 3 3 2 1 2 0 2 2 2 0 0 2 2 2 1 1 1 2 2 3 1 0 1 0 0 3 0 0 3 0 3 0 1 2 0 0 3 0 0 3 0 2 1 2 1 2 2 2 3 1 2 3 3 0 2 3 1 0 2 1 
1 0 0 0 1 0 3 1 2 0 2 3 3 0 3 3 3 2 3 3 2 3 2 1 0 1 0 0 1 1 3 1 1 1 0 0 3 3 3 1 1 8 1 1 2 0 2 3 1 0 1 3 1 2 0 2 1 2 1 1 1 3 1 3 0 2 0 2 2 2 0 1 0 0 2 2 3 1 3 0 3 2 3 2 7 1 1 2 3 2 1 3 2 0 3 2 3 0 0 3 
2 3 0 1 3 0 3 2 3 0 3 3 1 1 2 0 3 2 2 2 8 0 2 3 2 3 1 1 2 3 3 0 1 2 3 1 2 3 1 1 2 0 1 3 0 3 2 0 3 0 2 0 3 0 1 2 0 1 2 8 0 1 1 2 3 0 1 1 3 0 2 1 0 2 3 3 2 1 8 2 2 2 2 1 2 0 0 3 0 2 0 0 2 0 8 3 2 1 3 2 
1 0 0 0 3 1 7 1 3 2 2 0 2 2 1 0 0 1 0 0 2 2 3 2 2 3 0 3 0 7 2 1 1 0 0 2 2 7 3 3 0 2 2 2 2 3 1 2 8 1 3 3 2 0 2 1 3 2 1 0 1 0 0 2 3 3 0 1 2 2 7 0 2 0 2 1 0 3 2 1 1 0 2 2 1 2 0 0 3 3 3 0 2 3 3 1 2 3 0 2 
3 0 0 0 0 3 2 0 3 3 1 1 3 3 3 1 3 1 0 1 0 2 1 2 2 3 1 0 3 0 0 3 0 1 2 0 1 1 2 2 3 1 0 2 0 3 0 3 8 1 2 3 3 1 1 0 0 0 3 2 0 2 0 2 2 2 2 3 1 1 1 0 1 0 1 1 2 1 1 0 0 1 0 0 0 0 0 1 3 0 0 1 1 3 2 2 3 3 2 1 
3 1 0 1 3 3 1 3 1 0 0 3 3 1 1 3 3 0 1 1 0 3 3 1 1 3 3 0 1 0 0 3 1 0 0 1 0 3 0 1 3 1 3 3 0 0 3 0 3 8 0 3 0 0 3 3 3 1 0 0 3 0 0 3 0 1 3 0 1 0 3 1 0 0 3 1 1 3 3 3 3 1 3 3 3 3 3 3 3 3 3 8 3 8 8 8 8 8 8 
tab0=-858993460;
tab1=-858993460;
tab2=-858993460;
tab3=-858993460;
tab4=-858993460;
tab5=-858993460;
tab6=-858993460;
tab7=-858993460;
tab8=-858993460;
tab9=-858993460;
tab10=-858993460;
tab11=-858993460;
tab12=-858993460;
tab13=-858993460;
tab14=-858993460;
tab15=-858993460;
tab16=-858993460;
tab17=-858993460;
