1000
0 1 1 1 0 2 1 1 4 1 2 0 1 4 4 1 13 4 4 1 1 2 4 0 1 1 1 2 2 4 1 2 3 2 4 4 2 1 0 4 2 4 1 1 2 2 0 2 1 4 2 2 2 3 0 4 2 2 2 3 1 0 0 4 1 0 0 4 1 2 1 4 4 2 1 1 0 0 1 2 2 2 0 4 3 4 11 1 4 1 4 1 2 1 2 2 0 0 4 2 4 
0 2 2 2 4 13 1 2 1 0 2 4 0 1 4 3 2 0 2 13 1 0 2 1 3 2 2 0 0 1 0 4 2 1 0 0 0 1 1 1 3 1 4 4 0 3 0 2 1 4 2 0 1 0 4 2 3 2 1 1 2 2 2 1 2 0 2 1 1 4 1 0 2 0 1 0 2 1 1 2 0 13 1 4 4 3 0 1 2 4 2 1 4 1 1 2 4 2 1 2 
4 1 2 0 2 2 4 1 0 0 4 2 13 2 0 1 0 1 2 2 1 2 1 0 1 2 2 4 4 1 2 4 0 0 1 2 2 1 0 0 0 2 4 0 4 4 0 2 0 2 1 0 1 2 1 4 4 1 4 0 4 1 4 13 1 2 0 2 2 1 4 1 0 2 2 2 0 4 4 2 1 3 1 1 0 2 0 1 0 1 2 3 4 4 0 0 2 0 13 1 
1 2 1 2 1 2 1 2 0 0 2 3 0 1 1 13 2 2 2 1 4 4 0 0 1 1 1 0 1 1 1 2 0 2 1 2 3 1 1 1 0 0 4 4 4 4 1 3 1 2 2 13 1 0 0 0 0 0 2 1 0 1 0 2 1 1 1 0 0 2 2 2 0 1 1 0 0 0 3 4 4 1 0 2 1 1 1 4 1 4 1 0 4 0 1 1 2 0 3 1 
3 2 0 13 0 1 0 2 4 0 2 2 2 4 0 13 0 0 0 1 2 2 2 0 1 0 0 1 0 4 0 1 1 13 1 0 0 4 2 3 4 2 1 2 0 2 2 2 0 0 2 2 2 1 1 1 2 2 4 1 0 1 0 0 4 0 0 4 0 3 0 1 2 0 0 3 0 0 4 0 2 1 2 1 2 2 2 4 1 2 4 4 0 2 2 1 0 2 1 1 
0 0 0 1 0 3 1 2 0 2 3 4 0 3 4 4 2 4 4 2 4 2 1 0 1 0 0 1 1 3 1 1 1 0 0 4 4 4 1 1 13 1 1 2 0 2 4 1 0 1 4 1 2 0 2 1 2 1 1 1 4 1 4 0 2 0 2 2 2 0 1 0 0 2 2 4 1 4 0 4 2 2 2 13 1 1 2 4 2 1 4 2 0 4 2 4 0 0 3 2 
2 0 1 4 0 4 2 4 0 3 4 1 1 2 0 2 2 2 2 13 0 2 4 2 4 1 1 2 4 4 0 1 2 4 1 2 3 1 1 2 0 1 4 0 4 2 0 4 0 2 0 4 0 1 2 0 1 2 13 0 1 1 2 2 0 1 1 3 0 2 1 0 2 4 3 2 1 13 2 2 2 2 1 2 0 0 4 0 2 0 0 2 0 13 4 2 1 3 2 1 
0 0 0 3 1 13 1 4 2 2 0 2 2 1 0 0 1 0 0 2 2 4 2 2 4 0 2 0 13 2 1 1 0 0 2 2 13 4 4 0 2 2 2 2 3 1 2 13 1 4 4 2 0 2 1 4 2 1 0 1 0 0 2 3 4 0 1 2 2 13 0 2 0 2 1 0 4 2 1 1 0 2 2 1 2 0 0 3 4 4 0 2 4 4 1 2 2 0 2 3 
0 0 0 0 4 2 0 2 4 1 1 3 4 4 1 2 1 0 1 0 2 1 2 2 4 1 0 4 0 0 4 0 1 2 0 1 1 2 2 4 1 0 2 0 2 0 4 13 1 2 4 4 1 1 0 0 0 4 2 0 2 0 2 2 2 2 4 1 1 1 0 1 0 1 1 2 1 1 0 0 1 0 0 0 0 0 1 4 0 0 1 1 4 2 2 4 4 2 1 4 
1 2 2 0 1 4 4 1 4 1 0 2 13 0 4 3 2 1 2 1 2 2 2 4 0 1 1 0 2 4 4 1 1 4 4 0 13 1 0 0 4 1 0 0 1 0 4 0 1 3 1 4 4 0 0 4 0 3 13 0 4 0 0 4 3 1 0 0 0 0 4 13 0 1 4 0 1 0 4 1 0 0 4 1 1 4 4 4 1 4 4 4 13 13 13 13 13 13 9 
tab0=0;
tab1=0;
tab2=0;
tab3=0;
tab4=0;
tab5=0;
tab6=0;
tab7=0;
tab8=0;
tab9=0;
tab10=0;
tab11=0;
tab12=0;
tab13=0;
tab14=0;
tab15=0;
tab16=0;
tab17=0;
