1000
0 3 2 3 2 11 3 2 13 3 11 2 2 11 13 3 13 13 11 3 3 3 13 2 2 2 3 11 11 13 3 11 11 3 11 13 11 2 0 13 11 11 2 2 11 11 2 11 2 11 3 11 11 11 0 11 11 11 3 11 2 0 2 11 2 0 0 13 2 11 3 11 13 11 2 2 0 0 3 3 3 3 0 13 11 11 13 2 13 2 13 3 3 2 3 3 0 0 13 3 11 
0 11 11 11 13 13 2 11 3 0 11 13 0 2 11 11 3 0 3 13 2 2 11 2 11 11 3 0 0 2 2 13 11 13 3 0 2 0 2 3 2 11 3 13 13 2 11 2 3 3 13 3 0 3 2 13 3 11 11 3 2 3 3 3 3 3 0 3 2 2 11 2 0 3 0 2 2 11 3 2 11 0 13 3 13 13 11 0 3 11 13 11 3 11 3 2 3 11 3 2 
3 13 3 3 2 3 3 11 2 2 0 11 3 13 11 2 3 0 2 3 3 2 3 3 2 3 3 3 11 11 2 3 11 0 2 3 3 3 2 0 2 2 11 13 2 11 13 2 3 2 11 2 0 2 11 2 13 11 3 11 2 11 3 11 13 2 11 0 11 3 3 13 3 0 11 3 3 0 11 11 11 3 11 2 3 0 3 2 2 0 3 3 11 11 13 2 2 11 2 13 
2 2 11 3 3 3 3 3 3 2 0 11 11 2 3 2 13 11 3 3 3 11 13 2 2 2 3 2 0 3 2 3 11 0 11 2 11 11 2 2 2 2 0 13 11 11 13 2 11 2 3 11 13 3 2 2 2 0 2 3 3 2 3 0 11 2 3 2 0 2 3 11 11 2 2 3 0 2 0 11 13 13 3 2 3 3 3 2 11 2 11 2 2 11 0 3 2 3 2 11 
2 11 11 2 13 0 3 2 3 11 0 3 3 3 13 0 13 0 2 0 3 3 3 11 0 3 2 2 2 0 13 2 2 3 13 2 2 2 11 11 11 13 11 2 3 2 11 11 3 0 0 3 11 11 2 2 3 11 3 11 3 0 3 0 2 11 0 0 13 0 11 2 2 3 2 0 11 2 0 13 0 3 3 3 3 3 3 3 13 3 3 13 13 0 3 11 2 2 3 2 
2 2 0 0 2 0 11 3 3 2 3 11 13 2 11 13 11 11 11 13 11 13 3 2 0 3 2 0 3 2 11 2 2 3 0 0 13 11 11 3 3 13 3 3 3 0 11 11 2 0 2 11 3 3 2 3 2 3 2 2 2 11 2 13 0 3 0 11 11 3 0 3 0 2 3 3 13 2 11 0 13 3 11 11 13 3 2 3 13 3 3 13 11 0 11 11 13 2 2 11 
3 11 2 3 11 2 11 3 13 2 11 11 3 2 11 2 11 11 3 3 13 2 11 13 3 11 2 3 11 11 11 2 3 3 11 3 11 11 3 2 11 0 2 11 0 11 3 0 13 0 11 2 11 0 3 11 0 3 3 13 2 2 2 11 11 0 2 2 11 2 3 2 2 3 11 11 3 2 13 3 3 3 3 3 3 0 2 11 2 3 0 2 11 2 13 11 3 3 11 11 
3 0 0 0 11 3 13 2 11 3 3 2 11 11 2 0 2 3 2 2 3 3 13 3 11 11 2 11 2 13 3 2 3 0 2 3 11 13 11 13 0 3 11 3 11 11 2 3 13 2 13 11 3 2 3 2 11 3 2 0 3 2 0 3 11 13 0 3 3 3 13 0 3 0 3 2 0 13 11 3 3 0 11 3 2 3 0 2 11 13 13 2 11 13 11 3 3 11 0 3 
11 0 2 2 0 11 3 2 11 13 2 2 11 13 13 2 11 3 0 2 0 3 3 3 3 13 2 0 13 2 2 13 0 3 3 2 3 3 11 3 11 2 0 3 0 11 2 11 13 2 11 13 11 3 2 0 0 2 11 3 0 11 2 11 11 11 11 13 2 3 3 0 2 2 3 2 11 2 2 2 0 2 2 0 0 2 0 2 11 0 2 2 2 13 11 11 13 13 3 3 
13 2 11 11 2 3 13 11 2 11 2 0 3 13 0 13 11 3 3 11 2 11 3 11 13 0 3 3 2 3 13 13 3 2 13 11 0 11 13 2 0 2 11 2 0 2 2 0 13 0 11 11 2 11 13 0 11 0 13 0 11 13 0 13 11 0 13 11 11 2 2 11 2 13 13 2 11 2 2 2 11 11 11 2 11 11 2 11 11 11 11 11 11 11 11 13 2 11 11 
tab0=0;
tab1=0;
tab2=0;
tab3=0;
tab4=0;
tab5=0;
tab6=0;
tab7=0;
tab8=0;
tab9=0;
tab10=0;
tab11=0;
tab12=0;
tab13=0;
tab14=0;
tab15=0;
tab16=0;
tab17=0;
