1000
0 1 1 1 0 2 1 1 9 1 2 0 1 9 9 1 9 9 9 1 1 2 9 0 1 1 1 2 2 9 1 2 9 2 9 9 2 1 0 9 2 9 1 1 2 2 0 2 1 9 2 2 2 4 0 9 2 2 2 9 1 0 0 9 1 0 0 9 1 2 1 9 9 2 1 1 0 0 1 2 2 2 0 9 4 9 9 1 9 1 9 1 2 1 2 2 0 0 9 2 9 
0 2 2 2 9 9 1 2 1 0 4 9 0 1 9 9 2 0 2 9 1 0 2 1 9 2 2 0 0 1 0 9 2 9 1 0 0 0 1 1 1 4 1 9 9 0 4 0 2 1 9 2 0 1 0 9 2 4 2 1 1 2 2 2 1 2 0 2 1 1 9 1 0 2 0 1 0 2 1 1 2 0 9 1 9 9 9 0 1 2 9 2 1 9 1 1 2 9 2 1 
2 9 1 2 0 2 2 9 1 0 0 9 2 9 2 0 1 0 1 2 2 1 2 1 0 1 2 2 9 9 1 2 9 0 0 1 2 2 1 0 0 0 2 9 0 9 9 0 2 0 2 1 0 1 2 1 9 9 1 9 0 9 1 9 9 1 2 0 2 2 1 9 1 0 2 2 2 0 9 9 2 1 9 1 1 0 2 0 1 0 1 2 4 9 9 0 0 2 0 9 
1 1 2 1 2 1 2 1 2 0 0 2 4 0 1 1 9 2 2 2 1 9 9 0 0 1 1 1 0 1 1 1 2 0 2 1 2 9 1 1 1 0 0 9 9 9 9 1 4 1 2 2 9 1 0 0 0 0 0 2 1 0 1 0 2 1 1 1 0 0 2 4 2 0 1 1 0 0 0 9 9 9 1 0 2 1 1 1 9 1 9 1 0 9 0 1 1 2 0 9 
1 9 2 0 9 0 1 0 2 9 0 2 2 2 9 0 9 0 0 0 1 2 2 2 0 1 0 0 1 0 9 0 1 1 9 1 0 0 9 2 4 9 2 1 2 0 2 2 2 0 0 2 2 2 1 1 1 2 2 9 1 0 1 0 0 9 0 0 9 0 4 0 1 2 0 0 4 0 0 9 0 2 1 2 1 2 2 2 9 1 2 9 9 0 2 2 1 0 2 1 
1 0 0 0 1 0 9 1 2 0 2 9 9 0 9 9 9 2 9 9 2 9 2 1 0 1 0 0 1 1 4 1 1 1 0 0 9 9 9 1 1 9 1 1 2 0 2 9 1 0 1 9 1 2 0 2 1 2 1 1 1 9 1 9 0 2 0 2 2 2 0 1 0 0 2 2 9 1 9 0 9 2 2 2 9 1 1 2 9 2 1 9 2 0 9 2 9 0 0 4 
2 2 0 1 9 0 9 2 9 0 9 9 1 1 2 0 2 2 2 2 9 0 2 9 2 9 1 1 2 9 9 0 1 2 9 1 2 4 1 1 2 0 1 9 0 9 2 0 9 0 2 0 9 0 1 2 0 1 2 9 0 1 1 2 2 0 1 1 4 0 2 1 0 2 9 9 2 1 9 2 2 2 2 1 2 0 0 9 0 2 0 0 2 0 9 9 2 1 4 2 
1 0 0 0 9 1 9 1 9 2 2 0 2 2 1 0 0 1 0 0 2 2 9 2 2 9 0 0 9 2 1 1 0 0 2 2 9 9 9 0 2 2 2 2 9 1 2 9 1 9 9 2 0 2 1 9 2 1 0 1 0 0 2 9 9 0 1 2 2 9 0 2 0 2 1 0 9 2 1 1 0 2 2 1 2 0 0 9 9 0 2 9 9 1 2 0 2 9 0 0 
0 0 9 2 0 9 1 1 9 9 9 1 2 1 0 1 0 2 1 2 2 9 1 0 9 0 0 9 0 1 2 0 1 1 2 2 9 1 0 2 0 2 0 9 9 1 2 9 9 1 1 0 0 0 9 2 0 2 0 2 2 2 2 9 1 1 1 0 1 0 1 1 2 1 1 0 0 1 0 0 0 0 0 1 9 0 0 1 1 9 2 2 9 9 2 1 9 1 2 2 
0 1 9 9 1 9 1 0 2 9 0 9 9 2 1 2 1 2 2 2 9 0 1 1 0 9 9 1 1 9 9 0 9 1 0 0 9 1 0 0 1 0 9 0 1 9 1 9 9 0 0 9 0 9 9 0 9 0 0 9 9 1 0 0 9 0 0 9 9 0 1 9 0 1 0 9 1 0 0 9 1 1 9 9 9 1 9 9 9 9 9 9 9 9 9 9 9 9 10 
tab0=0;
tab1=0;
tab2=0;
tab3=0;
tab4=0;
tab5=0;
tab6=0;
tab7=0;
tab8=0;
tab9=0;
tab10=0;
tab11=0;
tab12=0;
tab13=0;
tab14=0;
tab15=0;
tab16=0;
tab17=0;
